172792
101767
188753
28999
1351062
641688
1603009
55294
1530682
1565835
1510790
241855
1353516
1147819
1383809
25067
43872
1384461
1378264
807854
1954062
2108050
1477696
1159373
603910
247680
117250
376170
2780847
182450
799870
368923
1185439
478475
235961
376318
376315
1678515
270061
315388
167287
1505632
58077
46864
1086881
2751390
99193
209147
1342170
1252027
2703653
1574601
1183802
175264
172946
1304567
264190
146475
1383808
13053
1123701
2550220
316096
106729
591004
660547
1110451
83611
1115168
1501397
1305907
1144176
487038
1271457
384773
995636
1524877
1524873
161611
196412
123388
3432
91685
1370018
1453813
1365960
2464986
552027
177815
1616000
305990
145923
714904
182663
22678
1622573
110498
1730412
1099818
2442511
276057
61233
1663393
852180
852183
1402105
457142
1500703
43462
404522
327765
361528
266450
425681
396861
17621
1073873
1903969
623157
562300
672733
52103
20886
105634
1150469
875762
288157
2904149
21933
21936
139237
652474
462296
270544
427684
1833335
138181
763232
325111
247095
1515660
44654
265109
41178
1255283
1821818
41175
682495
841237
2465068
247322
21425
757629
2361914
1917265
540799
748313
59481
365145
187731
67445
233298
8919
132808
1218986
164996
421686
1767
1380100
2334859
178869
2485196
457920
187081
2094006
837219
28350
566971
384346
264764
79702
94950
282222
110795
13842
178713
77562
502621
38365
19104
398030
170684
1155213
1268561
1358076
332418
213770
659048
1565851
47029
1271660
43850
449122
581088
1756952
1370223
413904
73447
859207
595259
1309720
1232972
880027
1945999
566303
19913
131311
97689
149263
701841
2311269
120411
1492532
2522631
1184250
121545
221943
583838
1976081
1041078
346972
2240665
204663
1355310
1953105
408372
75074
2636057
1351325
134096
765677
295729
656967
36825
102556
1574623
163314
685626
1417881
104860
321160
1574629
164692
246203
102084
1124268
343397
1129366
587485
2136881
132323
300879
18094
1390230
234977
129431
48564
248920
137666
30293
763729
1177225
325913
1137354
78131
1758377
109643
1943347
1481309
1255131
344554
257679
1489153
1193352
28160
217206
1850802
617879
1915321
127282
189164
1828041
1433821
699968
1486086
48008
646122
1354213
218959
503252
266618
342816
813050
154593
228483
684371
1371346
165635
43337
1420859
16004
406016
579943
1568963
2721677
98125
1511567
1133005
1511568
13511
4601
601944
1504359
1509404
1509405
908265
1509400
140620
52691
52166
60079
25564
665322
49158
293053
49152
49153
203008
1376524
2698067
718308
1282208
80386
97473
1320566
566534
290581
626036
9778
1924561
291988
757648
142108
395020
376455
223761
1112413
234619
1614079
341049
2128079
331325
1702
333784
160043
1443824
68328
138301
1167700
268269
464811
457903
961743
1385447
267065
1597655
54032
565759
312586
37989
207658
770632
703535
1315659
577737
188178
103761
1367622
492250
1081233
372904
372903
1084603
1635951
1384717
1074787
23710
6433
253171
1799176
59208
179982
86280
406461
760955
1729704
695801
545862
734354
279896
279893
2647093
323235
1440083
676916
279542
220677
19242
1376752
96605
593146
2233983
12058
20607
2521455
43831
1082810
368967
49522
506429
49528
58697
65549
150641
1331467
260783
1342420
1372837
350428
70117
350422
1294018
14844
400568
83437
1901768
251465
168040
188922
701443
68793
300850
316582
1344743
1346522
1432082
202299
1952536
381948
137821
2032391
264047
1341193
485741
1681243
1346420
1691353
743027
512322
1685953
325649
1323088
399597
669446
576852
284645
27619
2220923
106981
1481368
666227
145969
44975
28092
219647
217225
188540
188542
245458
1000644
385065
1260803
1355003
77240
108313
577072
457103
392815
185283
1338591
76402
1367873
1367872
1229818
366695
1372554
562342
1273074
1113913
868652
1509460
27212
1509462
306716
1757108
1403236
152879
128397
635278
1098891
673798
1098893
270507
766649
604872
2227807
1566464
95433
539352
1139872
476731
167320
367634
1382560
1362960
9717
981019
3473
408789
1153554
2460475
653309
1417920
658684
2128013
243190
658170
1418700
371290
158929
554488
1899169
1167271
567644
464870
268245
168562
38876
1530937
353481
18357
27455
529415
268422
38012
115056
1472582
282779
667016
665502
598155
665505
1497763
103749
143383
1794668
1536196
2332371
103746
2283260
129357
370232
266797
887524
466922
1351005
169217
968346
343511
469787
1358782
1335415
2535782
3918
239379
2557541
78900
326629
334513
50152
1478368
1916612
73953
50159
166791
22170
978575
77477
69220
1218384
69228
253514
1097049
1729763
1802316
162297
43768
732584
1393716
1350833
408150
98087
162305
209217
45423
1371136
440404
328577
412907
454356
1006888
387838
97531
408843
205537
514202
38832
38830
1334226
1423650
90622
679155
1768566
1656821
623259
1316341
582160
251264
113516
1368893
884985
14822
583694
2838479
134586
700044
20100
1682097
704209
1747991
2146565
2336862
426909
41051
323948
1749041
2288568
216732
33706
54220
849229
179835
205993
15159
2678335
763760
1490606
249926
1439578
76249
30037
1481344
231796
12896
252038
137777
1642340
3021809
1915368
2189882
1406462
132184
68840
1513382
226540
1433864
1500972
606779
1433869
131183
1059940
692571
197197
735728
2111938
1160293
2166793
1331675
130583
282547
1575334
707303
536313
87880
127573
103264
747728
87888
2520444
60210
1829352
1123823
1829355
679812
51161
140664
23960
1384500
241355
214554
424355
456380
463942
498302
1309794
501746
64511
785824
292490
300081
146621
550315
722048
1341650
1045015
105169
1374507
1328514
764751
929678
1137180
1643182
1346398
16953
63748
2851963
9481
423291
1427007
348983
722589
1453479
666945
1441353
367651
113257
1354819
749419
21444
152237
46949
605451
765404
2534060
414193
41336
1173622
804005
108659
1528312
553158
1610686
17942
907646
1189058
256045
1263622
188130
1612138
1826947
66910
2142896
1063681
402428
696641
319536
1513598
303043
1034322
1288469
2212288
1587264
1587266
1587267
239352
721555
103323
39078
461482
681688
244954
1509786
436528
989190
2321619
1857185
247970
1510029
754319
307616
466519
1722065
43742
25752
595889
219385
1478966
683356
690585
633854
942408
579047
11454
683684
513504
2723714
60407
470953
309583
719286
522820
113068
1057592
1395566
474397
105440
1110102
44710
251426
828107
1082494
194092
948115
210546
42651
410190
1387478
605847
1038490
274453
2387925
689942
591776
2338440
655699
321187
78371
138188
95605
163279
163278
33766
161697
125412
7100
2543921
701770
31721
31726
1531384
1892952
143023
2299339
178986
29986
1443652
590824
616664
305912
819921
2573826
1433885
1140362
653995
1433880
1433881
1355042
465279
369059
79206
1567867
38206
2085057
1376927
221488
882471
234280
392859
1190939
19075
1266714
696185
127554
127555
87860
354391
60233
386010
314857
467537
11571
1093006
22097
405745
1349348
785807
420548
266231
1408917
2040684
135286
1470075
2180875
2468899
93863
10645
10640
93868
998765
247015
650083
223646
60094
422763
20809
1306406
1350206
187490
53271
121049
223708
1128266
810666
1128268
1328394
38441
1441487
1441482
2036
144056
1167057
1206125
317554
198046
1191403
222112
530067
179118
53581
472762
1581496
612838
1024969
1887336
1887331
115769
1186918
133134
147003
1439303
1619677
91296
138813
826404
1095529
89500
511635
1357965
1160310
935655
930445
109761
691096
478828
31060
1663253
19195
196146
624219
465597
241256
336487
1509814
611929
902063
1751610
856686
5782
261810
595308
1890532
310202
1607635
369583
38877
768635
1368762
408802
379402
439687
618069
85368
1053380
723047
1976112
124557
885891
1376447
598928
6334
190465
210221
190469
41019
59894
203506
586634
1898449
1346584
2313958
1427006
528268
1365523
42748
33747
1017519
97996
1186050
44191
871781
666173
2543906
1260414
810120
1443413
1352290
1382796
1382798
1354602
2446818
1667
1222220
805851
1502637
269960
44990
1634212
353709
126154
207083
824569
1597571
4216
2501766
725176
18101
2448887
934734
1464403
625539
2145439
1567849
30073
540102
1580976
1969179
1567845
35373
35377
1146599
1188098
370350
2157874
229933
32978
51341
343949
644331
2130773
469604
150987
183681
1501103
109022
2154839
2591497
1509379
787333
2154522
1732644
92827
1378454
1375490
97741
20818
402268
6100
1230076
2945464
104619
671356
539991
12286
2623113
2147104
1285487
2143341
1433883
1779592
250329
26109
199085
2605720
204763
618500
990243
465850
22932
1339003
1339002
1624510
1357396
182306
1357393
2815175
1526225
71677
71905
1423557
419798
232457
1234510
1139369
528032
280024
1863798
659068
1675651
268488
591322
270879
143632
30682
155912
87026
1956177
655719
1279087
792722
599525
648341
746423
79674
938270
2088870
1373725
1421111
532528
26746
1674520
244039
759627
187683
61390
229942
61398
1518787
2657511
110593
1336580
1340366
335168
1951962
1394709
1826636
1338639
1394254
337177
460532
136388
1510063
182493
666751
2104180
1345850
1239584
51084
51083
51081
266083
1589114
94262
98023
1241619
1405832
628008
327432
628000
1607650
1427936
130064
1426228
13360
1124385
1426224
2598529
641207
152976
101366
1697271
139178
721488
422043
518593
2441405
2190015
1129381
36196
649194
865721
198616
480030
254185
265069
117309
473243
173856
514263
2670001
121430
269362
1002508
708610
1270867
658079
293866
1410080
1758220
416658
1877661
775386
316504
484486
1335261
44316
518844
29941
1760670
2808
610332
2613391
447776
779432
58478
1389431
1562847
600459
2556467
1381793
76041
94854
1068460
746782
238251
287229
934759
1094244
1123431
103421
2406171
30094
23180
815399
712045
573272
2130755
469624
30891
1240369
2341135
763693
1349566
1349565
206911
490372
74770
180351
544754
1319670
1406008
566169
957445
1841292
556837
1074811
576742
139542
131215
215400
221776
121881
378903
181005
1608894
386615
714504
1156037
754476
545401
2255
387680
1676109
109587
52494
1572051
75604
190580
531124
1377942
1355709
481022
2145284
79801
716621
716625
41931
623551
390942
199202
2074
1360475
1372395
176788
54898
17735
2611704
62455
1609059
1293819
222151
147610
1390578
122579
949690
94446
1522984
223982
221440
85950
710741
512463
183185
1017949
1635375
307679
1524911
71038
1192947
91785
1500892
1578101
653896
1500894
893225
1259293
433234
336860
1619634
241079
189757
349089
216810
1075187
1767034
159440
889505
4399
381428
1359870
580644
521195
151421
1793566
219430
1352289
4027
1394187
1378860
872566
576511
19159
1367791
923839
670726
52264
177000
442435
572234
2261861
834418
57722
235416
2600650
55589
2548622
968526
427230
250287
420936
616606
1550351
43983
431493
1697250
687294
1214287
1563080
1454757
1106754
196095
764611
1004403
806039
2587011
98009
253554
501248
1375269
153392
253748
191044
2102829
1330163
1406802
1406803
473262
53355
2080295
689295
504998
1422561
163291
163299
8942
8945
401722
28104
401726
1441507
1441500
1917325
1610414
1441503
399579
1259467
1387589
1622
1626
1624
313544
3396
1574595
1341974
716813
447757
2102683
1809715
14713
291731
24233
1036068
248697
208721
573607
1779831
282927
2082039
284558
1584146
175643
681743
1181541
208894
375850
254857
5539
549246
103408
2389658
252701
660436
1612457
2524044
590514
1337086
1081198
97849
1095719
25940
325845
1542176
314835
1391031
1391033
1093716
366894
1652432
1360808
214882
1469603
1422027
241685
1536773
1544690
588344
465343
656088
332994
215934
215422
677859
135591
1109415
247071
22707
1834201
476793
466604
476796
1899242
1868325
1868327
1288926
11596
46271
57118
1572079
75197
199223
555176
477779
1208261
4535
104122
57069
671468
1299193
578639
2353038
1474809
20648
902034
17754
705151
1722815
2644563
198794
618815
345418
251543
2364678
619635
1118999
1118996
2120478
20398
1393301
2106663
761747
301448
1013115
7321
218418
490921
265215
168854
597983
68901
351030
2165370
691343
589429
1076429
2165378
635983
1135529
388249
7066
1135525
223492
147205
1707867
627897
1500879
1500874
1500875
1477868
273561
1500873
595176
159769
287940
187641
136610
1790211
336889
148951
1665405
103231
137522
1688436
466987
192308
1881323
14501
1798227
208973
1628032
511698
463755
1176418
929286
266592
1845017
665652
96311
1332161
2172066
201701
1126343
11361
55035
839685
2436546
562261
522532
372780
2765872
2346777
1531270
2346772
439720
214430
2426874
632989
82733
1765750
25130
2130837
2522705
1396210
1187978
304109
74453
1048340
42030
1594685
1465521
135169
657567
525984
1374112
1374446
1191125
1374114
2429
325211
1272391
458262
618873
1330147
52022
537767
654067
1089601
1370745
346776
546159
54973
203700
274101
719579
41215
2000496
1750242
428813
553036
317415
1796879
346555
3220
1606
134781
2460282
1067619
1067343
1392877
285952
1307851
268500
79029
220927
252890
1372412
1481632
1481633
930657
1364233
939333
299619
5511
1440723
2372471
1717353
87636
530512
156527
591444
132785
23676
103280
311734
272395
281506
1535353
1542152
1502512
2130795
6515
681720
692597
73879
520438
1413817
1413816
1194162
1365340
1421695
194843
1227607
1117895
1358827
1904393
224694
952415
6162
318279
358170
120715
56686
486493
987843
1094170
304379
1399260
150030
150748
46472
24941
567217
567212
486277
758639
423094
2723302
1371768
686023
962620
281660
2434416
70038
4514
52760
363592
5282
299187
2001223
27948
124416
601041
1234204
210638
1387751
345166
597612
45744
306192
902279
613704
975456
715869
146288
243152
39716
163318
1370689
1746272
700149
71340
1701531
30193
1344597
413247
400887
400884
53416
10204
1135548
1919214
399125
1135540
1135543
539755
1674097
149644
37215
1433922
524949
2307354
1360857
86710
1124386
1574368
242208
1957600
157827
47532
1455112
1787494
1355108
111373
1030063
966995
680992
2336338
1338923
729357
425234
108275
79345
106887
394578
1407074
856601
238532
730052
392934
147113
1497418
378730
2294913
2802250
1603428
195679
1568425
1316077
220694
1393910
27131
632963
2473801
1429268
428459
1456009
1338211
1058880
1200879
647634
1165254
1165257
391911
328355
644982
7829
392069
97245
1317650
1360221
610497
2130817
153025
119486
1353567
227616
671631
1904415
2597815
905062
1671652
2041368
49634
835916
1438839
49633
1610100
1262438
212914
427091
1818236
506086
254749
198180
1151582
2317785
251994
1382710
1115941
2200532
1062403
675240
164839
919607
380709
1411194
569984
176952
447244
122457
1463614
1628223
1326696
1353223
2647896
1449978
76753
1363576
1516910
330000
1468595
2061
1435211
1435210
855416
252744
559848
13496
785375
3098360
137954
40852
1526230
218607
315837
216443
1384012
487102
1384016
1384017
126221
136579
23126
316125
705757
1337044
1393625
1561556
2543899
385081
1545389
2621426
234023
730420
207914
703976
88985
34603
1916240
625828
184240
992160
126738
886334
223372
1238591
398883
2258402
561984
22526
561988
158025
546917
973999
153907
371998
896441
317995
379205
423258
253900
200353
1622999
77666
209575
529637
73320
1265989
545466
548980
77669
558639
1336877
1369135
802053
16118
2482752
1324995
419780
2185
2095
973442
1514660
301094
2231117
220482
101407
1316240
52788
106184
134935
371907
293142
62922
81929
429648
1411299
309774
42978
122848
638938
1343634
2598236
39730
252976
2602855
441826
376670
514160
470149
1481775
10225
103306
1647196
421807
272920
1182324
187600
47802
1345776
685349
1728360
108787
1331084
1305310
270868
1950074
782653
1369455
1336501
11069
526700
505874
1445352
106869
1027664
41037
342073
1341914
1315298
61312
1502961
241012
244220
2195180
11490
8084
8085
306657
441592
1288207
1030626
1383955
2240916
1217941
819679
497407
556934
354108
301396
19793
1995369
19795
1338273
80735
392266
641282
635444
1134779
702206
10816
191571
65765
335819
1330107
42699
1906721
105776
588530
120528
235879
128341
657476
1357432
236780
1404640
173391
1404642
49613
1758585
45513
1117564
1818210
199612
2139787
1692303
1342711
1259400
723126
714219
5127
371599
692974
605269
237787
90713
14221
321050
168375
198256
1435059
1060824
99596
1376529
30541
906929
148879
1504818
1453487
264591
264594
91394
2651227
275902
40690
1335084
79793
487128
1247701
59437
1344385
453382
953415
123251
447192
31634
681274
31146
88471
206083
1421381
1280060
35826
35823
1578177
1688390
92373
1984827
834283
2350619
594057
1500882
26474
310420
1806411
1303276
1088175
224383
460789
2505711
689179
3850
15394
1544451
1395223
1544908
2085102
1257107
148126
542544
386007
322880
562167
289422
19304
536266
105099
1325840
405342
38489
97637
405345
224838
442648
60501
11686
27302
1971597
135538
150788
153255
1620120
185506
1756612
1411277
1573189
1166931
1504047
271904
210675
196957
519850
12081
1360388
1240862
621668
20481
629478
328034
1717356
10790
636129
1235266
236648
33173
236867
236865
629783
2670298
1363121
30481
63361
1376311
18683
506328
18681
302039
698157
146113
1305086
29884
1561181
347253
184032
1728345
1728340
1389027
47867
1513273
157313
1401574
76300
814161
2465796
4315
4316
774514
216896
350324
1533958
136984
136983
2174757
1392518
268353
289631
1018850
319084
1439031
330211
124446
651942
61662
1867650
1177871
1027935
228741
51682
24433
266682
74656
745917
1438129
82027
82023
733769
630213
299169
639599
259758
16096
2246690
878305
677910
1422872
2006391
96734
1563772
182527
2404468
759879
829072
2130852
240528
614825
1624419
358472
341121
1878
1879
2248344
481458
1340608
565874
38392
765564
160361
14026
2544000
553095
317301
1604901
139620
1389903
524379
203897
222675
2556371
674074
104972
14791
599741
522057
1358905
1491119
270226
146500
113480
1151577
2372418
543762
364080
1740788
1271218
222267
675674
502211
927443
1746175
636357
163477
265991
636824
171250
275924
394691
1406249
1031522
1661481
1353694
706653
73811
123236
233260
114974
1720
9829
1812171
378540
1513292
1513294
693917
241607
1198594
151274
24676
165189
2063817
1371217
1572126
2499779
179944
22782
98346
261194
1329353
56775
649899
1509557
46140
240267
821054
69126
501308
1281884
1722898
693342
396190
2507731
560760
42718
320205
1853989
722481
357051
1324774
1352055
887950
423380
1608960
1634265
588704
619415
246831
2319607
2143218
754059
2165804
78093
1456536
1238033
293981
690692
868393
20974
138563
654518
1444542
456819
1444547
1405454
437669
202750
83331
483134
1382929
71580
62387
5379
677699
211742
268117
1336540
1687652
843005
1332256
3132
14580
27521
106798
692544
252313
709424
970443
66809
699953
595689
1570027
217291
5765
15181
374468
2406725
599212
27660
216216
1095182
1532008
25809
1985812
144847
28805
707650
304273
1033204
803170
259593
913117
30972
23311
1382247
105852
462487
476262
7423
46746
39250
1041815
1586574
12637
316961
177752
227415
98753
372701
378757
378021
608227
2487671
247714
1676082
32180
1990342
373039
336393
350704
1441192
1402602
1396872
1438504
489835
1758772
342178
2079535
261388
75763
1689255
508544
414030
791299
1722023
293646
556599
2669839
105661
418037
475789
1285916
649374
244623
743864
41939
251684
235528
125158
185954
1882640
1331926
1136685
427650
87324
1353249
256306
83528
501443
722746
480703
316365
2145985
1389786
178365
1598322
29459
1238192
479613
283122
413092
563738
738148
569033
1337571
231518
394904
1159241
39400
194770
763652
1767198
325579
561592
238298
1490556
664868
1490553
158760
1510456
2739059
9845
1930735
548020
180060
2102730
3090
496320
496322
730375
1140234
1751756
1108889
1505064
1178428
1108882
1626735
472201
801903
259903
1367694
38310
382894
73432
683895
1426341
1726889
856070
2161942
153742
1476847
1550705
2732921
2587442
140754
140757
652614
121847
135069
75970
1535591
603923
879201
309794
1623778
153296
1967361
693322
259011
418207
1147799
311985
627109
1520436
1609367
293348
17265
323061
564719
63014
523412
105275
1087964
2830594
21570
471878
1548796
1444565
3563
1444561
3564
2446955
98819
197484
619699
764975
870156
41463
1555056
1505591
168701
1385202
160130
371342
20190
102728
1319302
1565002
364768
752430
1319309
747378
87157
1192455
1192451
591787
89422
700974
36378
2472452
326301
648904
248179
23333
1530778
8573
31421
1215252
7401
266468
161255
1421157
2863289
482270
173683
100340
315046
699931
1828012
60978
717345
83061
1392150
181108
1926314
383203
723538
2330
666627
528493
772923
276334
603715
43410
354613
1509632
1509634
1558068
21901
461929
315459
341167
2214515
320072
2160572
678420
5144
246469
524334
1331212
17015
235890
174250
731270
125171
1818187
2556481
1035660
490809
490807
418012
380267
2344119
1849614
316434
316430
1797051
1329882
1329880
574269
95157
1166172
14931
285463
280102
1480871
14285
30653
30657
76421
2620804
465719
1410798
136869
1510472
243961
1561101
1352651
2102751
1596483
1515
815401
91489
1231692
1383810
1532270
35088
1510609
702045
1372711
190909
1155221
1553755
170301
1468378
110039
1375943
1424250
101774
1479665
1518402
183845
64660
1627409
304026
721874
1536597
764532
1988188
543211
550712
1594620
762245
795714
182397
55828
182464
6014
1388599
182469
436597
1425127
836947
676564
1048485
386422
1370660
378832
12396
1049570
1035875
81749
128115
2102231
275778
337931
9083
1796708
46819
2236684
723647
1107809
199330
199445
162139
71811
132006
1878976
44415
1410308
513028
65701
1410307
2816234
106632
1371821
79106
119693
1653686
584101
166183
398761
612906
735662
651734
663191
863123
29798
248914
1279192
47994
182925
47991
188243
185326
242400
1502656
1341147
1536206
169054
1501384
1532043
97944
59020
178447
381198
402676
1481335
1043710
72731
8001
1373678
110624
228237
571436
129416
2723490
161279
131118
801490
22663
1519928
154895
414462
100364
310546
1260855
1391116
616378
180296
378797
1509432
1215902
22001
1046999
457155
1377022
1695400
929603
296510
2100046
414072
172170
281230
1847673
679866
1749209
544784
2160559
105629
1457872
244663
153155
524310
1028413
251177
235564
54025
46646
1501403
1620952
664099
1098719
99513
641039
1009001
1652052
603490
54429
384158
6808
6800
1978467
2465079
78440
676713
24159
176209
176202
8830
1564505
179450
2174455
1674371
171093
1111107
753954
226653
58699
158974
149453
1750
224659
2102776
518828
1385433
518822
219353
28362
640784
403085
108130
262919
411248
2570999
76159
1401277
77579
142813
160405
139550
8506
421038
1413232
2768446
110540
101713
1565823
665817
1187882
28988
1127188
2372870
261931
1985081
1147800
261934
1542001
527593
1353506
1383878
276272
130659
1667814
25723
2535778
1338152
696580
1625685
764518
206731
56136
2507938
1691622
2249595
687777
722136
1608630
180861
1316844
577816
9240
49575
1337897
754033
1117226
167292
45478
81766
306952
669317
1345460
265588
85601
1750816
2571103
176589
556636
1062723
1107823
1386511
1107821
375560
1107828
1355610
404071
2284089
99189
518011
274916
628707
66057
727767
727766
1822371
614071
775170
1358869
1650170
2134443
1555037
1405164
248934
272816
803225
1389172
23514
179844
109459
1626629
1398329
357505
705416
405858
1402805
629036
1366053
1691365
77969
1469548
571380
78122
78659
219894
1487410
234342
1337257
360135
1481319
2499751
35923
1115159
1611895
2350733
1500900
1500901
1425354
308044
1270719
493016
905820
615715
150119
1800408
1663382
77036
257255
457138
440622
586754
258226
603755
1722484
558844
1281453
96406
3756
1583726
1583728
4638
1511579
995885
494544
1821063
253379
670671
1216694
141852
143988
501717
2895419
1347482
509739
1098864
514021
2733
195201
2530444
80391
2087448
1562025
519759
944709
123540
2465013
9767
1657642
341079
753979
658103
516179
147182
147187
491066
212017
1779
5809
1037958
169627
169620
771686
197690
184281
273827
24545
688472
1859863
15590
1880365
165105
118558
66960
542651
272158
659501
606407
756297
888714
2850872
23252
1565842
755016
1144627
284997
284995
1751045
213500
527571
1497782
2720819
680385
1412562
664685
200972
673198
6760
1774017
56441
486870
392129
2126939
486877
486876
1766109
119830
323080
578945
45209
2690877
100021
2387596
221958
408180
877964
149113
250725
201887
344891
81706
1671064
322668
2277013
204452
57424
10777
522876
679100
103670
840610
1342180
371676
38611
2130069
1343582
1396550
1350373
148609
1129373
1977694
36106
596497
1610930
575463
270968
57935
450124
1539219
761387
429300
29130
417824
223589
34054
8043
173377
26071
401021
954901
1374919
1888990
344563
2851600
335302
2000785
180708
375551
226532
1612069
667063
150353
374970
1312391
1452469
136251
1806820
1626630
2334655
464035
249333
1904898
1345186
1624859
1418486
1322942
266629
23395
1249683
662285
209415
77010
90451
165646
118763
43304
51336
1416054
1146276
25394
1991695
230519
2200636
715647
1395306
908258
150131
1395301
1518382
64010
64011
309140
2767836
118372
633493
691810
1376366
1392799
205264
1620919
1594837
932479
10694
10345
1272286
1715677
2563149
673417
1290554
1365727
2556447
1467041
1076217
2412850
560274
388855
2465030
1379797
1379793
1404021
24113
18964
21474
184934
41306
1993536
16974
1254877
132877
1718
138333
202077
516840
1336401
263796
58566
685170
94908
256079
1363373
110768
114886
322049
147704
1536185
103026
1794489
611288
372978
882742
375615
1394825
1394828
114087
1811422
2145625
23722
319271
1565865
187453
308049
1132123
1100783
253462
8181
87937
1452078
1758940
173124
6747
1558966
32591
366212
2453366
683815
465832
683818
50141
100597
740433
2762380
1194030
19929
1428611
56794
588415
240173
49532
1756454
1083608
3658
2608206
236687
204610
1946912
1787558
1201138
2436597
1334112
328567
312815
43177
513261
5064
5063
205528
265096
767262
208583
1106952
209198
70166
2206748
53768
1540998
10750
363480
1327511
1318423
252404
1627022
875055
1746053
1866165
278545
2446334
132995
193981
2637773
48003
29731
27858
1279137
1347148
2973346
1438505
2218955
205988
629074
156084
171441
1775978
1470500
1898163
149535
233303
1747798
12865
394421
529891
2480185
7486
279381
7488
833529
312256
1784451
387521
319044
1634247
1115191
217231
22358
22609
2617087
538084
1809816
1361540
1781253
722994
496044
735750
440661
267558
431181
684619
1369707
1369708
840959
5835
406041
118749
45553
153684
397309
56321
94354
1082129
304433
369415
1984031
2301298
214542
1693675
150483
309165
592614
1230393
598702
597060
817300
915715
191773
210517
552439
105179
1641177
1381935
105171
766672
1521209
558375
2160646
731294
95400
1378791
362856
12255
52154
1158603
668493
629685
8897
543232
1049274
1620931
516132
2107107
2744220
718862
490996
1640421
622473
2388697
1037912
411111
719448
517082
567657
1680393
1405668
620305
178524
238140
1136732
1592
33107
1446342
659095
17956
239814
1114452
442408
59980
242874
1314512
126598
1730626
2414866
421053
433931
132500
5647
1659296
213721
213727
106521
413292
267030
263000
1173542
129611
83182
47055
887538
266789
2229252
351339
2566074
1038139
417185
525750
171121
2219214
95385
1231964
2205596
1845083
19495
449469
392304
6721
413608
326654
189299
2154471
2532166
482352
1570698
145728
2600157
1607608
1422130
1422134
1751377
754364
530419
1683871
782918
81128
100069
1623249
3032220
1085293
277166
423345
1450103
1555341
3678
666893
224776
459944
2549
2314194
741543
386136
5003
600420
3587
1712338
1142094
1609521
1792044
186219
4422
13331
186215
152412
1184311
1973600
1566046
427044
1050916
1393568
2444425
1378635
549946
1454683
352503
418405
168018
2102852
1342419
169766
1559458
59759
1279115
1987374
1559453
621794
44496
768592
133597
655685
18512
2070013
1387665
163262
1382299
1213236
321196
2208611
1467922
798205
797268
413193
789470
2543931
759441
975669
1490619
33597
1490616
2307268
34017
44944
26657
14768
208797
1748300
653962
245421
1985238
1206976
1854085
381006
1809871
1332307
1377205
2478175
24793
1857419
234679
207300
1376914
77051
13681
572036
792183
337620
23687
148006
1353664
103274
1263391
397496
60220
1632016
151809
1330660
140659
340052
775439
1623033
328155
191752
19680
1376640
42434
519004
1651728
10909
10908
1291976
9121
57562
1324418
1520790
1422277
1370529
742486
6286
1771335
500578
1556667
204796
184688
588603
1556668
465803
121781
1173498
2407042
266971
935009
1696057
730899
1510831
2127790
3442
1818168
138113
48255
9335
44021
480654
190660
645625
551954
168599
535229
2226890
638985
270823
2198546
347314
347313
437019
398755
126575
594854
594851
1957983
1341008
761401
2755746
66012
82102
87463
256449
173256
169247
10017
1788370
1535284
644283
934824
1597485
231009
3943
3946
1132224
161352
1467847
2601556
571682
19211
117823
1421341
22147
1751601
2417050
114592
77426
1403902
276769
1640149
1729753
603612
43284
951481
690591
65596
457721
524513
320730
551043
1066799
62658
1316594
32083
1230729
686425
196848
227370
5025
5026
162197
281773
36709
251250
612010
139182
1504510
246723
1675451
122065
611133
318909
1955582
275821
42886
2102876
343090
59732
459745
195164
163245
298453
2512874
1979903
54279
54905
54274
28811
1363218
384216
914580
7329
753879
663427
226775
1045686
1516273
607960
713722
1481398
129792
1441931
1481394
187155
315882
443496
531981
650635
417221
790876
1354264
1372618
801806
2503869
1503986
2574132
1567859
1081343
1567854
751438
446786
1369746
11214
181414
841347
183672
183679
599326
260417
2234590
248400
151860
1384558
383792
193398
486976
1375483
1558790
1407870
304690
436497
6115
686659
1686153
7936
125799
1611105
1509582
261144
231222
120274
81665
155790
20813
250642
1862058
1825479
22944
1128276
2914052
49236
1441493
1441490
1091569
265260
291112
2595814
1822297
1371900
400670
2615439
528047
18678
471102
2263642
1176392
27409
1396727
314675
701688
248381
1246188
1835520
66383
126087
132246
1694536
761420
138826
156101
559913
238103
1401651
24394
206208
759638
7700
1477838
2614904
174402
520547
111478
1373086
1373082
508099
100245
1826604
375675
28927
899901
61567
1395069
617017
1509805
507515
73182
782956
318161
281444
1167820
642672
642675
32579
98039
1415139
75806
414331
2436536
1082262
1830312
1169301
181756
1607644
1576798
1319785
1494425
1195325
431464
1623171
427261
85372
1650444
2598531
24873
2145248
2334565
1508641
1609784
1818289
874749
1445147
719841
1419360
321404
321405
1106641
1106640
1807863
1106644
6324
790242
1387333
1381479
320316
517479
1782173
1830217
53658
1414405
845768
2417989
1562255
236779
1664823
115696
1481666
706530
37637
506070
506071
664989
426277
1653
600664
243356
248844
1380250
252061
2158519
481868
1770984
541860
178957
1136650
1290876
353714
657837
160625
242191
160620
248215
648292
681797
375889
291492
1653751
269652
575538
225221
1915864
2854494
434759
599306
599309
1095277
1457415
1349595
1209728
1493827
721083
304456
1038381
1384207
357703
306789
109030
698038
39125
40273
1366976
409442
322814
802022
97945
1467938
12762
1365053
12760
664472
5014
1519306
116877
1563939
236560
302444
2301455
1156041
1881225
1453429
1152206
1433757
261126
153198
1359274
2245
614957
311975
46934
46241
905772
618512
1217320
2241007
485935
329246
1343194
13493
2062
2064
13497
2066
13495
14113
33497
1595073
2544139
52715
62995
1534667
120920
237168
303791
1310010
679460
363653
757727
1992334
20341
211882
2198586
1502019
1961564
1084830
552250
2499679
12964
1635360
1256694
269015
1238083
851965
178546
2547958
1500884
1500881
1500880
1500883
1578171
1659846
476833
241885
1578179
1537040
95320
1264328
1352491
375475
1278929
1967812
664660
229957
1936725
259811
713065
619217
447597
804416
2796895
47742
1101963
503366
1409048
1826623
1791620
492605
279688
214460
267419
856659
98019
1585469
1728042
1727790
1374126
904585
393890
1623432
104453
2653373
1169320
1324824
1518249
47908
52019
1406461
38880
1092361
1550346
1550349
85310
1697267
652700
345217
665213
1759670
1536686
692718
745798
42597
2475
2474
2460567
409125
260667
1623453
410166
2545615
2723298
2511437
98278
670175
1828955
561106
481755
1064851
57998
658284
2282882
285214
187502
1422555
586216
996363
252594
344676
322794
518967
278104
67221
67226
1442355
480409
423824
1410546
1599907
108015
416425
2556475
1640832
930666
365762
1364200
268537
1490580
103430
1322618
225204
928711
67734
252044
111847
2573736
1304535
111843
1344905
1807649
1219783
815381
1652798
2695170
1535309
117777
1798538
1445985
1384597
1374713
1339968
2458986
2499811
223328
398838
576731
576737
84863
2375282
290809
69884
537893
253952
21104
703001
1453407
358618
424903
593345
1868314
510161
260856
1396900
46262
135365
1572047
408737
633697
41909
798297
856355
11944
2669903
962438
36533
379227
1502381
232460
598697
707947
58830
118931
337835
203146
572888
490913
490919
591311
168866
202365
1795811
2040093
413210
417908
1135537
1898222
37957
1911088
1412996
440830
1012218
1500868
1346664
1397414
555896
1868880
681346
399719
143221
185772
88361
61340
594697
1385509
40419
628444
1175953
1421723
353526
1826644
23292
440766
551733
4031
238503
1075994
1075997
190817
1066841
1332158
1401392
19147
130895
1363888
1426013
35445
1384670
56044
674398
460101
665277
885047
1697245
333685
800925
405458
644975
1008835
1521148
260356
293279
389502
12137
2615041
932316
9628
1199902
58994
14897
18846
566792
2090926
45278
346767
1866547
587013
663332
943984
1397313
790179
3232
1619
1283112
514834
590071
477194
940983
419356
13268
516962
1400068
1749126
263346
590859
466054
735041
1389198
670897
1925162
1779842
844451
114306
114305
385506
1867412
1251042
665472
1513445
87600
713212
295914
315869
1984893
89802
665789
474886
87748
279452
1398038
407197
819100
1095727
74724
74720
1406058
196250
382573
1434041
448948
1434044
2099146
676805
268503
19350
978622
153952
646041
2320291
2261338
1533750
1860265
348913
1437665
376936
411521
124288
1369109
230883
1529565
1726874
2562502
75181
190558
46201
453904
740915
2356566
1328327
17292
75675
1375646
4831
702487
1853771
362702
1290336
1562335
33186
1408323
2145204
1557938
271954
768613
996195
700640
48120
427780
1376207
1565819
317095
1386654
1222104
1007953
138883
1366110
53402
1326237
7050
7057
546773
37754
1314607
2307362
66367
95365
1500847
39370
1233276
595105
2189977
86727
187652
1609895
543697
242232
883967
131075
1517737
178496
516222
14517
1361466
1533929
1069190
136487
267326
2876574
616868
900534
93200
127620
2180168
240797
359120
228711
230470
1375875
1474043
573097
1929057
2237230
308118
245273
1611392
308117
1611391
1623115
1623117
1623111
1991110
1623112
379876
592717
205656
1207817
584965
52234
1948802
201974
1638656
2943927
1607950
297333
2160213
865269
109113
458294
545849
1129682
66090
159579
1826667
208365
500722
1389813
3787
1365597
1503225
457671
438905
2460528
45526
1151598
133796
1552229
1151591
44691
678868
2680462
1342214
1090865
1228357
291740
317667
312294
768394
1435080
207016
1496
197086
14216
175341
20046
268060
1326688
232692
36618
549232
2030438
1309858
256644
647086
29910
713232
47646
118786
109894
569730
316138
256701
789233
497604
1629014
15035
388043
401117
1487327
747484
55495
78817
55497
1373124
482015
1120427
7550
228476
2082044
103833
103839
227878
149983
472709
315117
310474
1385719
24621
1533774
631528
2786567
397691
1642025
324052
776224
43541
477402
1399051
192048
478009
77654
101296
925622
603315
1339072
1379953
1339071
570634
338018
1853752
1299148
327395
652685
494984
2260377
62429
1842790
599925
1378578
185822
455510
46220
820401
469785
45752
2460882
1386094
1625187
2747608
495160
278623
480327
768499
1566783
939648
627331
1480035
473403
210446
264428
1371899
1363172
419677
1592500
1373948
1376320
7035
1134166
1576809
1505695
708456
487497
1565786
1500828
69503
115113
15956
92429
827013
7787
331024
24368
1080420
645754
164659
95268
2336321
1354528
4349
2336329
137553
692422
28257
562624
562627
570190
8611
8613
2621604
1406680
638280
545458
238549
1464115
19102
1409223
5719
144547
61659
241026
577675
378721
35486
370532
23834
74684
337097
1394485
218993
1361053
2294926
1341295
1034911
776415
155200
55685
80700
1058897
1811639
359793
323550
458728
683920
1563833
1057019
1724297
97257
503339
1107819
1172647
124651
154553
69652
141392
1470234
250232
141394
149003
212926
49198
1558546
21267
21261
365898
2281167
2413
2415
1253108
45504
1382709
2585581
1389955
1712400
1928
14052
150868
222645
41087
102210
102211
230210
1361617
3314
30576
429463
1029447
1516382
1029442
2265905
106461
1390666
1322324
993200
1457141
339794
202643
263300
556721
487115
916163
319467
503043
48908
1502561
20185
2295408
48906
1215415
1236744
1898010
1467830
206341
25991
233545
2959027
32452
2082443
70460
1371769
924195
92360
258866
2524037
149393
127166
398897
65142
713614
1355307
22517
1383551
1677311
320809
64815
425568
1509038
141253
315216
38947
1690784
43568
189263
1194732
680622
196964
90931
60516
1406144
130173
51378
45190
909567
45193
488871
1757008
17781
422119
260740
1411284
260214
1594698
710870
1679427
407792
1360391
1360390
1387702
203472
459175
621674
902283
1351941
83969
71319
11928
1564233
2007176
1186162
1866195
7018
288483
21524
399445
78596
826701
1156738
84614
1962307
272936
146960
1433911
269894
1750716
466131
40473
1744775
1177860
1633661
716057
655511
1336518
1456174
14552
262847
1115106
114552
198778
1504006
5730
2172034
210189
201754
19123
19126
541034
973825
244890
74667
450629
370883
1459642
159969
1093331
306640
76802
437171
1353452
1352183
1170847
292834
1356797
1408809
366304
602215
42512
288954
532780
166259
1344027
14836
1447997
100847
100849
56534
63984
104549
2185571
559777
1422628
1120928
32150
1383341
2682790
697054
2160660
135611
874106
81236
1351939
2211730
1504445
997416
152300
1421825
1318985
1014517
554275
1350950
324241
1453897
43601
90544
167693
197517
1342256
609564
551837
408214
1077601
440249
675276
689991
330984
235847
2527124
104966
18201
2013928
324650
122460
1941550
65349
501412
306003
1330802
1516410
336975
530543
1344625
484777
648092
138901
1276923
1597853
2410959
417510
804824
636833
1380722
1380723
620427
400880
1453868
1586766
47608
2076316
1652714
1992340
545398
257486
763624
395880
1940757
399658
1181537
1181534
1771787
1434572
1325616
1510481
2271440
9833
7595
9834
1459413
242021
66460
336591
368892
69806
69807
257034
867622
206896
603539
299595
449075
170608
527276
38925
776777
926206
1364443
361449
1448353
104378
51975
686076
359614
359616
359618
254216
1123967
490899
489671
150042
1404801
1759759
2142406
821065
492961
1353910
306924
386692
1433920
1411268
1873566
1991720
618862
198891
139332
293376
294414
943593
20943
797672
204376
20947
2168169
10019
7354
7356
297509
878780
1370636
33168
1092278
177781
56552
653199
629793
922869
1120126
174737
1505652
543540
223933
1387987
2657940
2638630
184023
1750778
302127
180917
1627394
62393
487638
230000
342765
1560063
1947517
324821
2527378
1609988
1006997
1121610
64662
229134
225497
50960
681524
1384180
389047
23567
1718221
1367729
205958
1531838
1184169
503922
616326
47145
1645672
343418
635616
87516
764356
1171952
563534
7438
6677
46101
16081
1010470
48253
1079974
1477771
273139
240730
973800
221132
465517
317015
121315
671574
1352981
150454
305597
307100
1622806
2360
658889
1758764
664148
1339115
341157
923688
3726
481445
209315
315405
327032
1484384
443798
179028
691882
626162
53878
668289
1319103
14900
1441468
1449920
1512191
36676
83510
490789
317319
36097
48750
608725
1631409
161421
40394
54243
170647
2780856
1370844
865604
223892
1370843
1199891
198285
233050
288363
2839157
159672
174056
595069
1490566
131774
430304
111718
107378
1325633
133959
19895
145860
1080230
1531757
607815
1528
355140
165009
22224
697620
86030
267756
1468797
320849
1690213
34261
1226181
1372721
1774089
230803
1612977
2142648
27084
51228
82483
27080
1474162
248711
248712
148239
372525
410303
237713
990167
696531
1339327
64040
135074
274052
270792
2416484
1623740
25243
618888
198701
476188
2611207
293359
1368161
1079169
10079
90351
107578
1717367
424870
1265826
1368295
1142683
1901017
49347
1505676
884433
650450
1473717
380320
1380934
457403
2031662
2470696
794496
44465
799612
302105
371377
1368837
1899220
13015
30458
1501065
199899
1307239
1966996
1516862
1816657
1149489
1609967
1669279
123695
1661064
1311673
31413
1020917
823777
2362375
482672
2243145
25879
556089
319365
1403106
69339
949941
256559
1015351
2240947
206444
224296
1215227
266415
1365745
127594
196048
259760
504030
131126
92042
1399375
2412755
1399371
697463
466770
505135
65735
880691
2342
119411
2349
404568
1008097
1640230
1500995
46614
200515
1191088
464043
1191085
3705
679745
440345
2160566
11714
386770
54452
2544050
538113
309465
64060
1609148
1609149
138499
1722926
102909
540852
704475
1550928
665838
128647
1627249
251696
2447605
1610081
1761912
569245
1507170
469930
87338
879067
7256
325159
1139781
1382012
827682
1849604
138949
1631424
484852
352711
1385974
2465536
2620954
1606503
981093
466144
283131
1652972
930044
563720
475762
1376135
119255
1203373
31647
1924231
93968
1447134
1534691
136894
149428
876229
1350288
716179
1223394
263094
2462903
11157
335096
38095
23155
1108893
1723646
1244200
1333228
1336619
634220
403701
197237
1428246
56498
473221
244359
562135
1726895
684214
1364486
1582902
359389
382083
1565818
89350
308780
1762052
2295797
840038
25000
522778
1454023
1807710
2445413
262762
645983
308253
97177
1873832
2438796
780975
498596
142944
205355
97313
2415571
841044
1588080
247112
1302601
1502598
410793
714460
588737
1505612
428962
1505615
133364
226101
46805
1555066
1386018
167443
626648
133501
1548878
14608
1409711
14601
775141
246245
2426342
262154
1188614
123905
1564706
237017
893506
514070
421987
3164
2616054
675721
1500996
375506
226812
1673778
398483
729060
1730737
1105710
517735
144890
29168
1477573
2391767
47188
74975
627933
1365230
360675
1370382
1370384
1517789
2360714
619197
182641
1626681
646162
716346
1477730
457228
1244049
1477592
1587944
1686243
1695410
1391295
1391297
1332864
1509627
1450055
1371034
414000
558696
736779
220554
573121
104075
7895
2160540
1466742
2310835
20758
60744
1364154
236670
134171
1090550
1090554
1390404
122194
332036
202971
15272
1682152
936050
795130
885444
326811
1381527
797408
264835
1631440
1631442
461638
1475207
1128282
1128829
1886517
112568
37490
479643
1132081
289812
1186717
284324
7643
574118
438051
571985
656425
531701
2298566
319601
1374564
1352395
334283
1441845
44896
646372
437551
804559
1154204
242084
1453881
1453888
394622
411237
2574778
1358947
1288173
1311730
287364
238402
160417
1669406
1330079
